0 0.595078 0.489375 0.195156 0.010417
2 0.686328 0.489583 0.013906 0.010833
1 0.547969 0.489583 0.101875 0.012500
0 0.561328 0.715833 0.225156 0.010833
1 0.533516 0.716042 0.123594 0.010417
0 0.257648 0.719131 0.265089 0.016150
2 0.383444 0.719938 0.013843 0.016842
1 0.231606 0.719592 0.129603 0.014304
4 0.269903 0.411443 0.210285 0.084654
4 0.581727 0.417747 0.303494 0.094861
3 0.696101 0.700528 0.044128 0.012008
6 0.612500 0.716146 0.033750 0.009792
5 0.648438 0.716354 0.037500 0.011458
6 0.615078 0.489375 0.031094 0.009583
5 0.647969 0.489479 0.034375 0.011458
7 0.672422 0.489479 0.013906 0.011875
7 0.369453 0.718333 0.013281 0.014583
6 0.312266 0.718854 0.031406 0.014792
5 0.345469 0.718542 0.034375 0.014167
